%YAML:1.0

cam0:
  T_cam_imu:
    - [0.004128944041976668, -0.9999898693093705, 0.0017925121269509736, 0.01824556417912481]
    - [0.03192908281386059, -0.0016597791392122807, -0.9994887587181127, 0.021640546830056978]
    - [0.999481608380946, 0.004184066423478072, 0.031921906215012785, -0.06211068444584652]
    - [0.0, 0.0, 0.0, 1.0]
  cam_overlaps: [1]
  camera_model: pinhole
  distortion_coeffs: [0.0019845714921626813, -0.0038318994560299175, 0.0012580040514371383, 0.00187571470417222]
  distortion_model: radtan
  intrinsics: [430.3980102744182, 429.66857156276586, 424.18242219066695, 234.07499239808254]
  resolution: [848, 480]
  rostopic: /d430/infra1/image_rect_raw
  timeshift_cam_imu: 0.0012926849046799773
cam1:
  T_cam_imu:
    - [0.011896771668922529, -0.9999267498478066, 0.002227501438847701, -0.03223554478786823]
    - [0.026928127604254393, -0.0019064714991514076, -0.999635554244722, 0.02193810821447139]
    - [0.9995665774562428, 0.011952418383970154, 0.026903474258690385, -0.06179006868643739]
    - [0.0, 0.0, 0.0, 1.0]
  T_cn_cnm1:
    - [0.9999697338270954, -0.00018685208018433836, 0.007777950634244467, -0.04999341932492239]
    - [0.00022577806379667938, 0.9999874540204726, -0.005004080926591983, -1.7093453254363357e-05]
    - [-0.007776918029304498, 0.005005685562847934, 0.9999572304143873, 0.0003515277953533584]
    - [0.0, 0.0, 0.0, 1.0]
  cam_overlaps: [0]
  camera_model: pinhole
  distortion_coeffs: [0.002290065955857665, -0.003305737563339642, 0.001104361594794403, 0.0020764825344810143]
  distortion_model: radtan
  intrinsics: [430.59350621172666, 429.67459419330663, 423.5349841498914, 233.7830917278703]
  resolution: [848, 480]
  rostopic: /d430/infra2/image_rect_raw
  timeshift_cam_imu: 0.001290394405371421
